{
  "asset": {
    "version": "2.0",
    "generator": "GLTFExporter"
  },
  "scenes": [
    {
      "name": "AuxScene",
      "nodes": [
        34
      ]
    }
  ],
  "scene": 0,
  "nodes": [
    {
      "name": "Mesh_0032rip",
      "extras": {
        "transformData": {
          "eulerOrder": "ZYX",
          "parentMatrixWorld": {
            "elements": [
              1,
              0,
              0,
              0,
              0,
              1,
              0,
              0,
              0,
              0,
              1,
              0,
              0,
              -0.41241300106048584,
              0,
              1
            ]
          }
        }
      },
      "mesh": 0,
      "skin": 0
    },
    {
      "rotation": [
        -2.5846511566286794e-9,
        -3.989863907867353e-17,
        -2.7755575164280242e-17,
        1
      ],
      "translation": [
        6.989833711834592e-10,
        0.02175863015072948,
        8.026644973679886e-11
      ],
      "name": "mixamorigRightToe_End",
      "extras": {
        "transformData": {
          "eulerOrder": "ZYX",
          "translation": [
            6.989833711834592e-10,
            0.02175863015072948,
            8.026644973679886e-11
          ],
          "preRotation": [
            -2.9617920557686e-7,
            -4.5720472632680814e-15,
            -3.1805546179256216e-15
          ],
          "parentMatrixWorld": {
            "elements": [
              0.9933288755289557,
              0.10608597032757572,
              0.045205215942153106,
              0,
              -0.10520715042654279,
              0.9942199955983679,
              -0.021402231476293835,
              0,
              -0.04721440614734835,
              0.01650354242866634,
              0.9987484332232913,
              0,
              -6.218529580159782e-10,
              0.022160110861756184,
              -2.044108285415014e-11,
              1
            ]
          }
        }
      }
    },
    {
      "rotation": [
        -0.00949271704118936,
        -0.023144582768549936,
        0.05291399176013761,
        0.9982856789179848
      ],
      "translation": [
        -6.218529580159782e-10,
        0.022160110861756184,
        -2.044108285415014e-11
      ],
      "scale": [
        1,
        0.9999999999999999,
        1
      ],
      "name": "mixamorigRightToeBase",
      "extras": {
        "transformData": {
          "eulerOrder": "ZYX",
          "translation": [
            -6.218529580159782e-10,
            0.022160110861756184,
            -2.044108285415014e-11
          ],
          "preRotation": [
            -4.724253245815343,
            2.5495203851193444e-9,
            5.94665581262264
          ],
          "parentMatrixWorld": {
            "elements": [
              0.9982375225430898,
              0.024043009303268307,
              0.054256635058049216,
              0,
              -0.04431047433528269,
              -0.30620505869368664,
              0.9509338359516671,
              0,
              0.03947696300833735,
              -0.9516619737055868,
              -0.30460002218399795,
              0,
              -1.912282832083889e-11,
              0.08824777256844858,
              -2.390224910359118e-10,
              1
            ]
          }
        }
      },
      "children": [
        1
      ]
    },
    {
      "rotation": [
        0.8076265540800361,
        -0.0062737737292147865,
        0.029015142454410163,
        0.5889466486848283
      ],
      "translation": [
        -1.912282832083889e-11,
        0.08824777256844858,
        -2.390224910359118e-10
      ],
      "name": "mixamorigRightFoot",
      "extras": {
        "transformData": {
          "eulerOrder": "ZYX",
          "translation": [
            -1.912282832083889e-11,
            0.08824777256844858,
            -2.390224910359118e-10
          ],
          "preRotation": [
            95.38266182886655,
            -30.634084443531822,
            2.417191233937708e-7
          ],
          "parentMatrixWorld": {
            "elements": [
              0.9906288119007789,
              -0.01628263402025292,
              -0.13560764458770222,
              0,
              -0.025879976678632927,
              0.9525038664650856,
              -0.30342480658341997,
              0,
              0.13410736090302977,
              0.30409087831178844,
              0.9431563793779778,
              0,
              4.4833567414137576e-11,
              0.09874371986354517,
              -8.118392763600824e-11,
              1
            ]
          }
        }
      },
      "children": [
        2
      ]
    },
    {
      "rotation": [
        -0.15408485167085334,
        0.06840810475800543,
        0.0024341842634168676,
        0.9856836644022385
      ],
      "translation": [
        4.4833567414137576e-11,
        0.09874371986354517,
        -8.118392763600824e-11
      ],
      "scale": [
        0.9999999999999999,
        0.9999999999999999,
        1
      ],
      "name": "mixamorigRightLeg",
      "extras": {
        "transformData": {
          "eulerOrder": "ZYX",
          "translation": [
            4.4833567414137576e-11,
            0.09874371986354517,
            -8.118392763600824e-11
          ],
          "preRotation": [
            -2.3428122200890003,
            -9.186882613483451e-10,
            2.7212097483552626
          ],
          "parentMatrixWorld": {
            "elements": [
              -0.9937405124959762,
              -0.0053102342645789955,
              -0.111586961911069,
              0,
              -0.007346202172656213,
              -0.9936012975527426,
              0.11270558834223171,
              0,
              -0.11147144015453254,
              0.11281984640117812,
              0.9873427979359499,
              0,
              -0.0974297697248403,
              -0.025131478905677795,
              0.0028462642803788185,
              1
            ]
          }
        }
      },
      "children": [
        3
      ]
    },
    {
      "rotation": [
        -0.05594190540376792,
        0.05656062457064049,
        0.9968305533018975,
        0.0005106103292413353
      ],
      "translation": [
        -0.0974297697248403,
        -0.025131478905677795,
        0.0028462642803788185
      ],
      "name": "mixamorigRightUpLeg",
      "extras": {
        "transformData": {
          "eulerOrder": "ZYX",
          "translation": [
            -0.0974297697248403,
            -0.025131478905677795,
            0.0028462642803788185
          ],
          "preRotation": [
            -1.2202669092487863,
            -0.05235249510720631,
            177.54374590436228
          ],
          "parentMatrixWorld": {
            "elements": [
              0.9790963458854952,
              -0.07792378583081222,
              -0.18787822881193167,
              0,
              0.11640026364068112,
              0.9721533176478293,
              0.20339347414722606,
              0,
              0.1667972538265986,
              -0.2210108827707181,
              0.9609021102134353,
              0,
              -0.02173735929247601,
              0.21846784931701824,
              0.04137691477511071,
              1
            ]
          }
        }
      },
      "children": [
        4
      ]
    },
    {
      "translation": [
        0,
        0.2635432779788971,
        0.1268296092748642
      ],
      "name": "mixamorigHeadTop_End",
      "extras": {
        "transformData": {
          "eulerOrder": "ZYX",
          "translation": [
            0,
            0.2635432779788971,
            0.1268296092748642
          ],
          "parentMatrixWorld": {
            "elements": [
              0.6188924273183757,
              0.042993039668932094,
              0.7842982753417318,
              0,
              0.02603297068318281,
              0.99682964016317,
              -0.07518612318025501,
              0,
              -0.7850442475436641,
              0.06694973653042681,
              0.6158110790795476,
              0,
              0,
              0.0029076039791107178,
              0.0013992786407470703,
              1
            ]
          }
        }
      }
    },
    {
      "rotation": [
        -0.03953387179260998,
        -0.436499179198898,
        0.004717297902452154,
        0.8988232954788096
      ],
      "translation": [
        0,
        0.0029076039791107178,
        0.0013992786407470703
      ],
      "name": "mixamorigHead",
      "extras": {
        "transformData": {
          "eulerOrder": "ZYX",
          "translation": [
            0,
            0.0029076039791107178,
            0.0013992786407470703
          ],
          "parentMatrixWorld": {
            "elements": [
              0.993192163088831,
              -0.10701144859872563,
              0.0460204017092553,
              0,
              0.10298841271156216,
              0.99126789820201,
              0.0823488995624514,
              0,
              -0.05443082170821843,
              -0.07704871368683627,
              0.995540446983827,
              0,
              0,
              0.07146239783904168,
              1.3349659863659546e-8,
              1
            ]
          }
        }
      },
      "children": [
        6
      ]
    },
    {
      "rotation": [
        0.039949398941015554,
        -0.025175822376598073,
        -0.052631705494373925,
        0.9974969428490958
      ],
      "translation": [
        0,
        0.07146239783904168,
        1.3349659863659546e-8
      ],
      "scale": [
        1,
        0.9999999999999999,
        0.9999999999999999
      ],
      "name": "mixamorigNeck",
      "extras": {
        "transformData": {
          "eulerOrder": "ZYX",
          "translation": [
            0,
            0.07146239783904168,
            1.3349659863659546e-8
          ],
          "preRotation": [
            17.796507768412585,
            0,
            0
          ],
          "parentMatrixWorld": {
            "elements": [
              0.9997423438542022,
              0.022577569585684413,
              -0.0023450457355797447,
              0,
              -0.022542540581519017,
              0.9996475599837938,
              0.01402104344595994,
              0,
              0.0026607803421084416,
              -0.013964567547421803,
              0.9998989504417506,
              0,
              0,
              0.06352213175710852,
              6.073173075549221e-10,
              1
            ]
          }
        }
      },
      "children": [
        7
      ]
    },
    {
      "rotation": [
        1.3877787807814454e-17,
        3.370377402677661e-34,
        2.4286128663675293e-17,
        1
      ],
      "translation": [
        0.0022739150895554894,
        0.015774194322353254,
        0.0019813265269532088
      ],
      "name": "mixamorigLeftHandIndex4",
      "extras": {
        "transformData": {
          "eulerOrder": "ZYX",
          "translation": [
            0.0022739150895554894,
            0.015774194322353254,
            0.0019813265269532088
          ],
          "preRotation": [
            1.590277340731758e-15,
            0,
            2.7829853462805764e-15
          ],
          "parentMatrixWorld": {
            "elements": [
              -0.21909944899267408,
              0.9511696399278206,
              0.2174205702296994,
              0,
              -0.9729071538533859,
              -0.22983422549103416,
              0.02505703937047278,
              0,
              0.0738041886367684,
              -0.20604004785645286,
              0.975756342311155,
              0,
              -0.00019655595959772176,
              0.027174699729499617,
              0.00020282501935121877,
              1
            ]
          }
        }
      }
    },
    {
      "rotation": [
        0.09351261169917816,
        -0.05811385633066518,
        0.7785708087250098,
        0.617823315560752
      ],
      "translation": [
        -0.00019655595959772176,
        0.027174699729499617,
        0.00020282501935121877
      ],
      "name": "mixamorigLeftHandIndex3",
      "extras": {
        "transformData": {
          "eulerOrder": "ZYX",
          "translation": [
            -0.00019655595959772176,
            0.027174699729499617,
            0.00020282501935121877
          ],
          "preRotation": [
            1.590277340731758e-15,
            0,
            2.7829853462805764e-15
          ],
          "parentMatrixWorld": {
            "elements": [
              0.16186254532333166,
              0.9749845542771685,
              0.15233394712712559,
              0,
              -0.9758872434366663,
              0.13524373492392172,
              0.17132780347227267,
              0,
              0.14643975083276942,
              -0.1763923101101632,
              0.9733658881357307,
              0,
              -6.794957929656675e-10,
              0.01874124452116198,
              8.488505731651941e-11,
              1
            ]
          }
        }
      },
      "children": [
        9
      ]
    },
    {
      "rotation": [
        0.11538297346627802,
        -0.001955854343972257,
        0.6473522240419965,
        0.7534043003408579
      ],
      "translation": [
        -6.794957929656675e-10,
        0.01874124452116198,
        8.488505731651941e-11
      ],
      "name": "mixamorigLeftHandIndex2",
      "extras": {
        "transformData": {
          "eulerOrder": "ZYX",
          "translation": [
            -6.794957929656675e-10,
            0.01874124452116198,
            8.488505731651941e-11
          ],
          "preRotation": [
            -1.590277240956655e-15,
            0,
            -5.565970926995258e-15
          ],
          "parentMatrixWorld": {
            "elements": [
              0.21211045048577193,
              0.9730587710027261,
              0.09036473299571626,
              0,
              -0.9541071678072917,
              0.18619822686249166,
              0.23454153715709433,
              0,
              0.2113969468404676,
              -0.13596635057222164,
              0.9678969378909101,
              0,
              3.069836052027597e-10,
              0.009950406772720077,
              -1.1841562452818977e-10,
              1
            ]
          }
        }
      },
      "children": [
        10
      ]
    },
    {
      "rotation": [
        0.12043181237983817,
        0.03934094077996123,
        0.6264160479550804,
        0.7691237896527408
      ],
      "translation": [
        3.069836052027597e-10,
        0.009950406772720077,
        -1.1841562452818977e-10
      ],
      "name": "mixamorigLeftHandIndex1",
      "extras": {
        "transformData": {
          "eulerOrder": "ZYX",
          "translation": [
            3.069836052027597e-10,
            0.009950406772720077,
            -1.1841562452818977e-10
          ],
          "preRotation": [
            -5.997354404414902,
            1.8649018982798653e-7,
            1.9560475010130773
          ],
          "parentMatrixWorld": {
            "elements": [
              0.8446656734272834,
              0.234266561346953,
              -0.48130975848342694,
              0,
              -0.4064991617482483,
              0.8657325957591956,
              -0.2920025833276179,
              0,
              0.3482791077206211,
              0.4422965695172248,
              0.82648376485893,
              0,
              -7.810231905658327e-10,
              0.09409192310604997,
              -6.307402170002696e-10,
              1
            ]
          }
        }
      },
      "children": [
        11
      ]
    },
    {
      "rotation": [
        -0.1952237900520565,
        0.22055790479655346,
        0.17035660808466688,
        0.9403300087671711
      ],
      "translation": [
        -7.810231905658327e-10,
        0.09409192310604997,
        -6.307402170002696e-10
      ],
      "name": "mixamorigLeftHand",
      "extras": {
        "transformData": {
          "eulerOrder": "ZYX",
          "translation": [
            -7.810231905658327e-10,
            0.09409192310604997,
            -6.307402170002696e-10
          ],
          "preRotation": [
            8.474705993341143,
            -5.494767239259981e-7,
            6.912566500873719
          ],
          "parentMatrixWorld": {
            "elements": [
              -0.42477848379349736,
              0.08169273762700979,
              -0.9016038804912694,
              0,
              -0.8814796013994246,
              -0.2642669137302209,
              0.3913524361124501,
              0,
              -0.2062934148600532,
              0.9609835136741123,
              0.18426536693168805,
              0,
              -2.663208820141705e-10,
              0.022611316786526142,
              5.0429660447548486e-11,
              1
            ]
          }
        }
      },
      "children": [
        12
      ]
    },
    {
      "rotation": [
        -0.40472924993291365,
        0.49402586043940766,
        0.6843447165821123,
        0.3518593464989755
      ],
      "translation": [
        -2.663208820141705e-10,
        0.022611316786526142,
        5.0429660447548486e-11
      ],
      "scale": [
        1,
        0.9999999999999999,
        1
      ],
      "name": "mixamorigLeftForeArm",
      "extras": {
        "transformData": {
          "eulerOrder": "ZYX",
          "translation": [
            -2.663208820141705e-10,
            0.022611316786526142,
            5.0429660447548486e-11
          ],
          "preRotation": [
            115.69016522902916,
            41.05369894743708,
            107.53347792005991
          ],
          "parentMatrixWorld": {
            "elements": [
              0.523064846839386,
              -0.3595324058613076,
              -0.7727480820245761,
              0,
              0.5087952499952013,
              0.8591086367158863,
              -0.05531490685842233,
              0,
              0.683762051242537,
              -0.36423727771058156,
              0.6322979122258068,
              0,
              2.0547183399166613e-10,
              0.12528595382993266,
              9.478911544569257e-10,
              1
            ]
          }
        }
      },
      "children": [
        13
      ]
    },
    {
      "rotation": [
        0.08896389421795363,
        0.41944781488603966,
        -0.250062206595946,
        0.8681116467747211
      ],
      "translation": [
        2.0547183399166613e-10,
        0.12528595382993266,
        9.478911544569257e-10
      ],
      "name": "mixamorigLeftArm",
      "extras": {
        "transformData": {
          "eulerOrder": "ZYX",
          "translation": [
            2.0547183399166613e-10,
            0.12528595382993266,
            9.478911544569257e-10
          ],
          "preRotation": [
            -27.324060412384107,
            -3.4462267646107385,
            3.2848139355330094e-7
          ],
          "parentMatrixWorld": {
            "elements": [
              -0.007277789830268944,
              0.07153338006866594,
              -0.9974116566274054,
              0,
              0.8714038083003629,
              -0.4888150460382712,
              -0.041415682631428585,
              0,
              -0.4905124260606432,
              -0.8694497290954518,
              -0.058776969113712996,
              0,
              0.054550060391193256,
              0.04835401372936432,
              -0.00905701111566111,
              1
            ]
          }
        }
      },
      "children": [
        14
      ]
    },
    {
      "rotation": [
        -0.6205469815658028,
        -0.37988146602121525,
        0.5994405447487738,
        -0.3335903932586523
      ],
      "translation": [
        0.054550060391193256,
        0.04835401372936432,
        -0.00905701111566111
      ],
      "name": "mixamorigLeftShoulder",
      "extras": {
        "transformData": {
          "eulerOrder": "ZYX",
          "translation": [
            0.054550060391193256,
            0.04835401372936432,
            -0.00905701111566111
          ],
          "preRotation": [
            -69.6531422948917,
            79.37186284660922,
            173.01471590417648
          ],
          "parentMatrixWorld": {
            "elements": [
              0.9997423438542022,
              0.022577569585684413,
              -0.0023450457355797447,
              0,
              -0.022542540581519017,
              0.9996475599837938,
              0.01402104344595994,
              0,
              0.0026607803421084416,
              -0.013964567547421803,
              0.9998989504417506,
              0,
              0,
              0.06352213175710852,
              6.073173075549221e-10,
              1
            ]
          }
        }
      },
      "children": [
        15
      ]
    },
    {
      "rotation": [
        -6.938893903907228e-18,
        -1.6851887013388314e-34,
        2.42861286636753e-17,
        1
      ],
      "translation": [
        -0.0035132960026034166,
        0.01638039649997082,
        -0.0014268042650098234
      ],
      "name": "mixamorigRightHandIndex4",
      "extras": {
        "transformData": {
          "eulerOrder": "ZYX",
          "translation": [
            -0.0035132960026034166,
            0.01638039649997082,
            -0.0014268042650098234
          ],
          "preRotation": [
            -7.951386703658792e-16,
            0,
            2.782985346280577e-15
          ],
          "parentMatrixWorld": {
            "elements": [
              0.1489052396396371,
              -0.716016673098408,
              -0.6820171210849107,
              0,
              0.8025793494824532,
              -0.31539886307146014,
              0.5063496271920739,
              0,
              -0.5776622000721393,
              -0.6227709699546998,
              0.5276956524261859,
              0,
              -0.0009417338796387509,
              0.02908440003049481,
              0.0012478685748845975,
              1
            ]
          }
        }
      }
    },
    {
      "rotation": [
        0.4838926663747115,
        0.0447220439568585,
        -0.6508051313292653,
        0.5833528154115575
      ],
      "translation": [
        -0.0009417338796387509,
        0.02908440003049481,
        0.0012478685748845975
      ],
      "name": "mixamorigRightHandIndex3",
      "extras": {
        "transformData": {
          "eulerOrder": "ZYX",
          "translation": [
            -0.0009417338796387509,
            0.02908440003049481,
            0.0012478685748845975
          ],
          "preRotation": [
            -7.951386703658792e-16,
            0,
            2.782985346280577e-15
          ],
          "parentMatrixWorld": {
            "elements": [
              0.415354468281242,
              -0.7980100814065422,
              -0.43664693319854664,
              0,
              0.8238959760440195,
              0.12655460499801818,
              0.5524303627882946,
              0,
              -0.3855853406921024,
              -0.5892060717995514,
              0.7100423469304675,
              0,
              -2.4631496842175693e-10,
              0.02072245789495257,
              -1.933172788515236e-10,
              1
            ]
          }
        }
      },
      "children": [
        17
      ]
    },
    {
      "rotation": [
        0.3803805713863276,
        0.017013155103541476,
        -0.5404010718094495,
        0.7503251483291196
      ],
      "translation": [
        -2.4631496842175693e-10,
        0.02072245789495257,
        -1.933172788515236e-10
      ],
      "name": "mixamorigRightHandIndex2",
      "extras": {
        "transformData": {
          "eulerOrder": "ZYX",
          "translation": [
            -2.4631496842175693e-10,
            0.02072245789495257,
            -1.933172788515236e-10
          ],
          "preRotation": [
            -7.951386994781815e-16,
            -6.3611093287950125e-15,
            -5.963539995745324e-15
          ],
          "parentMatrixWorld": {
            "elements": [
              0.4968335379528797,
              -0.8081436822729489,
              -0.3163229747703182,
              0,
              0.7359791419794889,
              0.1992069213161063,
              0.6470326924282064,
              0,
              -0.45988165666436365,
              -0.5542746533101415,
              0.6937495733775717,
              0,
              7.32121585578227e-11,
              0.004417970287975886,
              3.641878465465709e-11,
              1
            ]
          }
        }
      },
      "children": [
        18
      ]
    },
    {
      "rotation": [
        0.38854763004656256,
        -0.04643223553108018,
        -0.4994269501410055,
        0.7729472867936334
      ],
      "translation": [
        7.32121585578227e-11,
        0.004417970287975886,
        3.641878465465709e-11
      ],
      "scale": [
        0.9999999999999999,
        1,
        1
      ],
      "name": "mixamorigRightHandIndex1",
      "extras": {
        "transformData": {
          "eulerOrder": "ZYX",
          "translation": [
            7.32121585578227e-11,
            0.004417970287975886,
            3.641878465465709e-11
          ],
          "preRotation": [
            6.40450340180271,
            0.0000030403293356208706,
            -15.658803742491651
          ],
          "parentMatrixWorld": {
            "elements": [
              0.6046448128531361,
              -0.5964090828195263,
              0.5279212623968105,
              0,
              0.7838128552748593,
              0.5633517863604082,
              -0.2612894488906528,
              0,
              -0.1415699871658649,
              0.5717787807588526,
              0.8081008390653586,
              0,
              -5.312089101927597e-10,
              0.09403234826592023,
              -2.534169818435572e-10,
              1
            ]
          }
        }
      },
      "children": [
        19
      ]
    },
    {
      "rotation": [
        -0.24144988477289092,
        -0.19404003094845754,
        -0.4000325736273904,
        0.8625684688492335
      ],
      "translation": [
        -5.312089101927597e-10,
        0.09403234826592023,
        -2.534169818435572e-10
      ],
      "scale": [
        0.9999999999999999,
        0.9999999999999999,
        0.9999999999999999
      ],
      "name": "mixamorigRightHand",
      "extras": {
        "transformData": {
          "eulerOrder": "ZYX",
          "translation": [
            -5.312089101927597e-10,
            0.09403234826592023,
            -2.534169818435572e-10
          ],
          "preRotation": [
            -3.329573146711438,
            -0.0000016507886209410163,
            7.946787433103475
          ],
          "parentMatrixWorld": {
            "elements": [
              -0.6970024128100858,
              -0.5396407499988974,
              0.4722027795969672,
              0,
              0.45224178298765905,
              0.18022053172241892,
              0.8734975180304128,
              0,
              -0.5564754925768229,
              0.8223797208259549,
              0.11843396512291304,
              0,
              1.2641998559104195e-10,
              0.026722865769841064,
              2.776753826871925e-11,
              1
            ]
          }
        }
      },
      "children": [
        20
      ]
    },
    {
      "rotation": [
        0.03295106350553156,
        -0.6630967085217645,
        -0.6393777925081892,
        0.3878311635971672
      ],
      "translation": [
        1.2641998559104195e-10,
        0.026722865769841064,
        2.776753826871925e-11
      ],
      "name": "mixamorigRightForeArm",
      "extras": {
        "transformData": {
          "eulerOrder": "ZYX",
          "translation": [
            1.2641998559104195e-10,
            0.026722865769841064,
            2.776753826871925e-11
          ],
          "preRotation": [
            126.0817042482826,
            -33.65602204583636,
            -111.99194422599722
          ],
          "parentMatrixWorld": {
            "elements": [
              0.8186513111207276,
              0.5364162548334649,
              0.2051039378773009,
              0,
              -0.5727468604524565,
              0.7887765650860454,
              0.22314245682706754,
              0,
              -0.042083935464625924,
              -0.30014850282385985,
              0.9529637017264383,
              0,
              -1.0999059441019199e-9,
              0.1252859639868557,
              3.6809907344448334e-9,
              1
            ]
          }
        }
      },
      "children": [
        21
      ]
    },
    {
      "rotation": [
        0.1386642025796887,
        -0.06550105388251308,
        0.2939114771149917,
        0.9434499854967944
      ],
      "translation": [
        -1.0999059441019199e-9,
        0.1252859639868557,
        3.6809907344448334e-9
      ],
      "name": "mixamorigRightArm",
      "extras": {
        "transformData": {
          "eulerOrder": "ZYX",
          "translation": [
            -1.0999059441019199e-9,
            0.1252859639868557,
            3.6809907344448334e-9
          ],
          "preRotation": [
            -42.813835571382,
            40.224174981819004,
            -9.107430773677459e-9
          ],
          "parentMatrixWorld": {
            "elements": [
              -0.043048585291882706,
              -0.06066892366655357,
              0.9972291947082293,
              0,
              -0.906591571805872,
              -0.4170495999223746,
              -0.06450819045218152,
              0,
              0.4198077024160466,
              -0.9068565853573533,
              -0.03704851624511773,
              0,
              -0.054550057888263837,
              0.04739990923344395,
              -0.006084701140872242,
              1
            ]
          }
        }
      },
      "children": [
        22
      ]
    },
    {
      "rotation": [
        -0.5939380293590422,
        0.4071386439576283,
        -0.5964582275753139,
        -0.3545607257268093
      ],
      "translation": [
        -0.054550057888263837,
        0.04739990923344395,
        -0.006084701140872242
      ],
      "scale": [
        0.9999999999999999,
        0.9999999999999999,
        0.9999999999999999
      ],
      "name": "mixamorigRightShoulder",
      "extras": {
        "transformData": {
          "eulerOrder": "ZYX",
          "translation": [
            -0.054550057888263837,
            0.04739990923344395,
            -0.006084701140872242
          ],
          "preRotation": [
            -71.59544301838403,
            -82.4008375938953,
            -170.11989277551564
          ],
          "parentMatrixWorld": {
            "elements": [
              0.9997423438542022,
              0.022577569585684413,
              -0.0023450457355797447,
              0,
              -0.022542540581519017,
              0.9996475599837938,
              0.01402104344595994,
              0,
              0.0026607803421084416,
              -0.013964567547421803,
              0.9998989504417506,
              0,
              0,
              0.06352213175710852,
              6.073173075549221e-10,
              1
            ]
          }
        }
      },
      "children": [
        23
      ]
    },
    {
      "rotation": [
        0.006997024879507503,
        0.0012515678009086492,
        0.011281030579632607,
        0.9999110863298643
      ],
      "translation": [
        0,
        0.06352213175710852,
        6.073173075549221e-10
      ],
      "name": "mixamorigSpine2",
      "extras": {
        "transformData": {
          "eulerOrder": "ZYX",
          "translation": [
            0,
            0.06352213175710852,
            6.073173075549221e-10
          ],
          "parentMatrixWorld": {
            "elements": [
              0.999749540750182,
              0.022346502994076707,
              -0.0012204749679627911,
              0,
              -0.02232642059170688,
              0.9996450392695071,
              0.01453706940041047,
              0,
              0.0015448944216061788,
              -0.014506179618557888,
              0.9998935863620197,
              0,
              0,
              0.05558188580253565,
              2.623775502419434e-10,
              1
            ]
          }
        }
      },
      "children": [
        8,
        16,
        24
      ]
    },
    {
      "rotation": [
        0.007261458508024208,
        0.0006914038807641841,
        0.011169224932046744,
        0.9999110022757269
      ],
      "translation": [
        0,
        0.05558188580253565,
        2.623775502419434e-10
      ],
      "scale": [
        1,
        0.9999999999999999,
        0.9999999999999999
      ],
      "name": "mixamorigSpine1",
      "extras": {
        "transformData": {
          "eulerOrder": "ZYX",
          "translation": [
            0,
            0.05558188580253565,
            2.623775502419434e-10
          ],
          "preRotation": [
            -0.000016720099922089448,
            0,
            0
          ],
          "parentMatrixWorld": {
            "elements": [
              0.9921227948190031,
              -0.1235568520942883,
              -0.020641318119842638,
              0,
              0.11616448744078614,
              0.9691097468462133,
              -0.21755943854135404,
              0,
              0.04688466242593432,
              0.2134478899904141,
              0.9758287891869631,
              0,
              0,
              0.04536186158657074,
              -0.014561043120920658,
              1
            ]
          }
        }
      },
      "children": [
        25
      ]
    },
    {
      "rotation": [
        -0.10860968969874032,
        0.017015895805445564,
        -0.060407465436290775,
        0.9921014637996131
      ],
      "translation": [
        0,
        0.04536186158657074,
        -0.014561043120920658
      ],
      "name": "mixamorigSpine",
      "extras": {
        "transformData": {
          "eulerOrder": "ZYX",
          "translation": [
            0,
            0.04536186158657074,
            -0.014561043120920658
          ],
          "preRotation": [
            -17.796491048312664,
            0,
            0
          ],
          "parentMatrixWorld": {
            "elements": [
              0.9790963458854952,
              -0.07792378583081222,
              -0.18787822881193167,
              0,
              0.11640026364068112,
              0.9721533176478293,
              0.20339347414722606,
              0,
              0.1667972538265986,
              -0.2210108827707181,
              0.9609021102134353,
              0,
              -0.02173735929247601,
              0.21846784931701824,
              0.04137691477511071,
              1
            ]
          }
        }
      },
      "children": [
        26
      ]
    },
    {
      "rotation": [
        1.5411666902280832e-9,
        2.9490299078446263e-17,
        2.775557551753435e-17,
        1
      ],
      "translation": [
        3.076112281563681e-10,
        0.021973707733643016,
        -2.7510257960550177e-11
      ],
      "name": "mixamorigLeftToe_End",
      "extras": {
        "transformData": {
          "eulerOrder": "ZYX",
          "translation": [
            3.076112281563681e-10,
            0.021973707733643016,
            -2.7510257960550177e-11
          ],
          "preRotation": [
            1.766046937524302e-7,
            3.3793393426452596e-15,
            3.1805546754308328e-15
          ],
          "parentMatrixWorld": {
            "elements": [
              0.9928784475033028,
              -0.11325166436622826,
              -0.036965514205713264,
              0,
              0.11217985863726919,
              0.9932382550069154,
              -0.02989060611058468,
              0,
              0.040100723663493994,
              0.025530952505047742,
              0.9988694121173984,
              0,
              -6.068148344917645e-10,
              0.0227215524683054,
              1.0608670192313596e-11,
              1
            ]
          }
        }
      }
    },
    {
      "rotation": [
        -0.013881465871701894,
        0.019302819652930344,
        -0.056463947805613715,
        0.9981215083453869
      ],
      "translation": [
        -6.068148344917645e-10,
        0.0227215524683054,
        1.0608670192313596e-11
      ],
      "name": "mixamorigLeftToeBase",
      "extras": {
        "transformData": {
          "eulerOrder": "ZYX",
          "translation": [
            -6.068148344917645e-10,
            0.0227215524683054,
            1.0608670192313596e-11
          ],
          "preRotation": [
            -4.616416549048792,
            -1.563391217945669e-7,
            -6.394988059367487
          ],
          "parentMatrixWorld": {
            "elements": [
              0.7991624883069877,
              -0.15768537586612955,
              -0.5800643344751553,
              0,
              0.40319853201916944,
              -0.5750947092342733,
              0.7118264965739352,
              0,
              -0.44583657731251053,
              -0.8027461240548552,
              -0.3960155997832502,
              0,
              5.326017404883032e-13,
              0.08819201204668788,
              -2.603608110357536e-10,
              1
            ]
          }
        }
      },
      "children": [
        28
      ]
    },
    {
      "rotation": [
        0.832206824852529,
        0.07375364777756599,
        -0.30818688370209546,
        0.4549868420320814
      ],
      "translation": [
        5.326017404883032e-13,
        0.08819201204668788,
        -2.603608110357536e-10
      ],
      "name": "mixamorigLeftFoot",
      "extras": {
        "transformData": {
          "eulerOrder": "ZYX",
          "translation": [
            5.326017404883032e-13,
            0.08819201204668788,
            -2.603608110357536e-10
          ],
          "preRotation": [
            94.79658866219422,
            29.774609462149083,
            -1.8997858158056567e-8
          ],
          "parentMatrixWorld": {
            "elements": [
              0.960589125508694,
              -0.2774364329197887,
              -0.017249836732983526,
              0,
              0.018897839701737886,
              0.1270918625608832,
              -0.991710901896668,
              0,
              0.27732905154919923,
              0.9523007229729687,
              0.1273260107436106,
              0,
              1.4606701959074542e-10,
              0.09880111511007536,
              -7.156249204331999e-11,
              1
            ]
          }
        }
      },
      "children": [
        29
      ]
    },
    {
      "rotation": [
        -0.6531024521857578,
        0.09896555752960037,
        -0.09955528950542167,
        0.7441449723406925
      ],
      "translation": [
        1.4606701959074542e-10,
        0.09880111511007536,
        -7.156249204331999e-11
      ],
      "scale": [
        1,
        0.9999999999999999,
        1
      ],
      "name": "mixamorigLeftLeg",
      "extras": {
        "transformData": {
          "eulerOrder": "ZYX",
          "translation": [
            1.4606701959074542e-10,
            0.09880111511007536,
