{
  "asset": {
    "version": "2.0",
    "generator": "GLTFExporter"
  },
  "scenes": [
    {
      "name": "AuxScene",
      "nodes": [
        34
      ]
    }
  ],
  "scene": 0,
  "nodes": [
    {
      "name": "Mesh_0021rip",
      "extras": {
        "transformData": {
          "eulerOrder": "ZYX",
          "parentMatrixWorld": {
            "elements": [
              1,
              0,
              0,
              0,
              0,
              1,
              0,
              0,
              0,
              0,
              1,
              0,
              0.002003490924835205,
              -0.30900701228529215,
              -0.001466505229473114,
              1
            ]
          }
        }
      },
      "mesh": 0,
      "skin": 0
    },
    {
      "rotation": [
        -3.469446951953615e-17,
        0,
        0,
        1
      ],
      "translation": [
        0.0027914325891255642,
        0.012750612243883755,
        -0.0029740680678431164
      ],
      "name": "mixamorigRightHandIndex4",
      "extras": {
        "transformData": {
          "eulerOrder": "ZYX",
          "translation": [
            0.0027914325891255642,
            0.012750612243883755,
            -0.0029740680678431164
          ],
          "preRotation": [
            -3.975693351829397e-15,
            0,
            0
          ],
          "parentMatrixWorld": {
            "elements": [
              0.9583254622440803,
              -0.2855253551467877,
              -0.009358514122509098,
              0,
              0.14025669937746976,
              0.49878553338400067,
              -0.8553017430464972,
              0,
              0.2488782202162706,
              0.8183448447610208,
              0.5180457194237698,
              0,
              0.0027950271520966186,
              0.0023200764881050884,
              -0.009830244618380224,
              1
            ]
          }
        }
      }
    },
    {
      "rotation": [
        -0.48515312259025756,
        0.07485711675610837,
        -0.12342479875990153,
        0.8624321424913399
      ],
      "translation": [
        0.0027950271520966186,
        0.0023200764881050884,
        -0.009830244618380224
      ],
      "name": "mixamorigRightHandIndex3",
      "extras": {
        "transformData": {
          "eulerOrder": "ZYX",
          "translation": [
            0.0027950271520966186,
            0.0023200764881050884,
            -0.009830244618380224
          ],
          "preRotation": [
            -3.975693351829397e-15,
            0,
            0
          ],
          "parentMatrixWorld": {
            "elements": [
              0.9653972459728174,
              -0.0012564709453140033,
              0.26078070660846553,
              0,
              -0.25900059540134135,
              -0.1213591972234287,
              0.9582226141071121,
              0,
              0.030444165946822893,
              -0.9926078318677928,
              -0.11748526048978514,
              0,
              2.596246828634463e-10,
              0.018420602953096096,
              -2.958550071596733e-11,
              1
            ]
          }
        }
      },
      "children": [
        1
      ]
    },
    {
      "rotation": [
        0.742334443442784,
        -0.08764818494061796,
        0.09807738113452324,
        0.6569917586362362
      ],
      "translation": [
        2.596246828634463e-10,
        0.018420602953096096,
        -2.958550071596733e-11
      ],
      "name": "mixamorigRightHandIndex2",
      "extras": {
        "transformData": {
          "eulerOrder": "ZYX",
          "translation": [
            2.596246828634463e-10,
            0.018420602953096096,
            -2.958550071596733e-11
          ],
          "preRotation": [
            3.1805547403651916e-15,
            4.770831976906907e-15,
            -9.541663953813814e-15
          ],
          "parentMatrixWorld": {
            "elements": [
              0.7453814566403907,
              -0.23949098748941866,
              0.6221338805878232,
              0,
              -0.03249952814931154,
              0.919076358667327,
              0.3927371031302351,
              0,
              -0.6658455369933727,
              -0.3129580138235798,
              0.6772791305360477,
              0,
              -2.8442664889993807e-12,
              0.021492895228956255,
              2.2554069722957593e-11,
              1
            ]
          }
        }
      },
      "children": [
        2
      ]
    },
    {
      "rotation": [
        0.19301940798596912,
        -0.3522838952786831,
        -0.05661562334799898,
        0.9140209322954624
      ],
      "translation": [
        -2.8442664889993807e-12,
        0.021492895228956255,
        2.2554069722957593e-11
      ],
      "scale": [
        1,
        0.9999999999999999,
        1
      ],
      "name": "mixamorigRightHandIndex1",
      "extras": {
        "transformData": {
          "eulerOrder": "ZYX",
          "translation": [
            -2.8442664889993807e-12,
            0.021492895228956255,
            2.2554069722957593e-11
          ],
          "preRotation": [
            54.59601344374147,
            -43.298277608681154,
            -1.2013619757715487e-7
          ],
          "parentMatrixWorld": {
            "elements": [
              0.9942258305967527,
              0.10725945269222552,
              -0.003226026385218112,
              0,
              -0.10669455607442427,
              0.99130561075588,
              0.07700296930560442,
              0,
              0.011457274639085248,
              -0.07621414164026617,
              0.9970256442533162,
              0,
              -1.6123749557728217e-10,
              0.06492447269101578,
              -2.6391000496062134e-11,
              1
            ]
          }
        }
      },
      "children": [
        3
      ]
    },
    {
      "rotation": [
        0.03838806972080193,
        0.0036788553182654253,
        0.05360551021276503,
        0.9978172389249134
      ],
      "translation": [
        -1.6123749557728217e-10,
        0.06492447269101578,
        -2.6391000496062134e-11
      ],
      "scale": [
        0.9999999999999999,
        1,
        1
      ],
      "name": "mixamorigRightHand",
      "extras": {
        "transformData": {
          "eulerOrder": "ZYX",
          "translation": [
            -1.6123749557728217e-10,
            0.06492447269101578,
            -2.6391000496062134e-11
          ],
          "preRotation": [
            -8.56239329734024,
            2.016210899900077e-9,
            2.42158960447419
          ],
          "parentMatrixWorld": {
            "elements": [
              0.8980494147566381,
              -0.43938389247587023,
              -0.021190673920247847,
              0,
              0.43919691856045145,
              0.8928721728147254,
              0.09942510127084093,
              0,
              -0.024765224720270842,
              -0.09859553270034972,
              0.9948193829160854,
              0,
              -4.4965850487521664e-11,
              0.0694783844040292,
              1.0426981500444299e-10,
              1
            ]
          }
        }
      },
      "children": [
        4
      ]
    },
    {
      "rotation": [
        0.05088678371106628,
        -0.000918577977340748,
        -0.22577521749780347,
        0.9728490362819264
      ],
      "translation": [
        -4.4965850487521664e-11,
        0.0694783844040292,
        1.0426981500444299e-10
      ],
      "name": "mixamorigRightForeArm",
      "extras": {
        "transformData": {
          "eulerOrder": "ZYX",
          "translation": [
            -4.4965850487521664e-11,
            0.0694783844040292,
            1.0426981500444299e-10
          ],
          "preRotation": [
            3.8374435537158305,
            -0.0000015593877467058976,
            -3.229311550190792
          ],
          "parentMatrixWorld": {
            "elements": [
              0.9355561282586886,
              -0.18633013212278635,
              0.30002635242443204,
              0,
              -0.16322506342182005,
              0.5252230939499339,
              0.835163622228636,
              0,
              -0.31319691722133436,
              -0.8303142652551613,
              0.4609619366155506,
              0,
              1.3065229453879112e-11,
              0.125570373122229,
              1.6346146658463567e-11,
              1
            ]
          }
        }
      },
      "children": [
        5
      ]
    },
    {
      "rotation": [
        0.48717838049661133,
        -0.17937741571592475,
        -0.006758594656579731,
        0.8546550679168439
      ],
      "translation": [
        1.3065229453879112e-11,
        0.125570373122229,
        1.6346146658463567e-11
      ],
      "scale": [
        0.9999999999999999,
        0.9999999999999999,
        1
      ],
      "name": "mixamorigRightArm",
      "extras": {
        "transformData": {
          "eulerOrder": "ZYX",
          "translation": [
            1.3065229453879112e-11,
            0.125570373122229,
            1.6346146658463567e-11
          ],
          "preRotation": [
            0.715484727936793,
            -1.1426633579221273e-7,
            1.1094588509520464
          ],
          "parentMatrixWorld": {
            "elements": [
              0.04276510653490106,
              -0.014010432619815548,
              0.998986904376279,
              0,
              -0.9760126087493848,
              -0.2142328257355013,
              0.03877706401987935,
              0,
              0.2134725155604716,
              -0.976682128898439,
              -0.022836037511967833,
              0,
              -0.06949973106384277,
              0.029966161217223897,
              -0.00031076320015453046,
              1
            ]
          }
        }
      },
      "children": [
        6
      ]
    },
    {
      "rotation": [
        0.5656487359179657,
        -0.4375608829756053,
        0.5358711789433708,
        0.4488029091368761
      ],
      "translation": [
        -0.06949973106384277,
        0.029966161217223897,
        -0.00031076320015453046
      ],
      "scale": [
        0.9999999999999999,
        1,
        1
      ],
      "name": "mixamorigRightShoulder",
      "extras": {
        "transformData": {
          "eulerOrder": "ZYX",
          "translation": [
            -0.06949973106384277,
            0.029966161217223897,
            -0.00031076320015453046
          ],
          "preRotation": [
            -11.435597204077705,
            -89.6013631862772,
            102.84311376081338
          ],
          "parentMatrixWorld": {
            "elements": [
              0.9999917741036987,
              0.0040430710381293925,
              -0.0003245025570571867,
              0,
              -0.0040393470882082155,
              0.9999339950509625,
              0.010755892323022659,
              0,
              0.0003679679739884298,
              -0.010754493067742116,
              0.9999421010644476,
              0,
              0,
              0.028917837541510533,
              -2.8735717971795083e-10,
              1
            ]
          }
        }
      },
      "children": [
        7
      ]
    },
    {
      "translation": [
        0,
        0.3232536315917969,
        -0.013452958315610886
      ],
      "name": "mixamorigHeadTop_End",
      "extras": {
        "transformData": {
          "eulerOrder": "ZYX",
          "translation": [
            0,
            0.3232536315917969,
            -0.013452958315610886
          ],
          "parentMatrixWorld": {
            "elements": [
              0.9997874087528675,
              -0.006155920430619198,
              0.019678464005758324,
              0,
              0.00822745216351529,
              0.9942264641819343,
              -0.10698620016524915,
              0,
              -0.01890625115857473,
              0.10712535945588969,
              0.9940657478785118,
              0,
              0,
              0.002512812614440918,
              -0.00010457634925842285,
              1
            ]
          }
        }
      }
    },
    {
      "rotation": [
        -0.05360782753577454,
        -0.009660584228644969,
        -0.003601213118869002,
        0.9985088440594523
      ],
      "translation": [
        0,
        0.002512812614440918,
        -0.00010457634925842285
      ],
      "name": "mixamorigHead",
      "extras": {
        "transformData": {
          "eulerOrder": "ZYX",
          "translation": [
            0,
            0.002512812614440918,
            -0.00010457634925842285
          ],
          "parentMatrixWorld": {
            "elements": [
              0.9998177355141006,
              -0.00244058786031718,
              -0.018935133399506913,
              0,
              0.006780072451858776,
              0.9725366826211694,
              0.23265087738023174,
              0,
              0.01784730689792148,
              -0.2327368549653023,
              0.9723759710855362,
              0,
              0,
              0.03253253803565059,
              -3.455808514352121e-9,
              1
            ]
          }
        }
      },
      "children": [
        9
      ]
    },
    {
      "rotation": [
        0.11715916716949107,
        0.009259805904184557,
        -0.0023212577552973418,
        0.993067259671345
      ],
      "translation": [
        0,
        0.03253253803565059,
        -3.455808514352121e-9
      ],
      "name": "mixamorigNeck",
      "extras": {
        "transformData": {
          "eulerOrder": "ZYX",
          "translation": [
            0,
            0.03253253803565059,
            -3.455808514352121e-9
          ],
          "preRotation": [
            12.348814612199947,
            0,
            0
          ],
          "parentMatrixWorld": {
            "elements": [
              0.9999917741036987,
              0.0040430710381293925,
              -0.0003245025570571867,
              0,
              -0.0040393470882082155,
              0.9999339950509625,
              0.010755892323022659,
              0,
              0.0003679679739884298,
              -0.010754493067742116,
              0.9999421010644476,
              0,
              0,
              0.028917837541510533,
              -2.8735717971795083e-10,
              1
            ]
          }
        }
      },
      "children": [
        10
      ]
    },
    {
      "rotation": [
        1.387778780781446e-17,
        -1.3877787807814457e-17,
        2.7755575615628914e-17,
        1
      ],
      "translation": [
        0.000491678826787828,
        0.003143243086591918,
        0.0015195171349087766
      ],
      "name": "mixamorigLeftHandIndex4",
      "extras": {
        "transformData": {
          "eulerOrder": "ZYX",
          "translation": [
            0.000491678826787828,
            0.003143243086591918,
            0.0015195171349087766
          ],
          "preRotation": [
            1.5902773407317588e-15,
            -1.5902773407317584e-15,
            3.1805546814635168e-15
          ],
          "parentMatrixWorld": {
            "elements": [
              0.9454071698634371,
              -0.30399067671136953,
              -0.11745190623075372,
              0,
              0.325060656229671,
              0.9053437017243722,
              0.27329169242928997,
              0,
              0.023256215861781664,
              -0.29655091949257817,
              0.9547338369614619,
              0,
              0.001964948515547925,
              0.003997726526977274,
              0.002243098409994204,
              1
            ]
          }
        }
      }
    },
    {
      "rotation": [
        0.14605618026773387,
        0.03606485442738261,
        -0.16123194889169196,
        0.9753825734681276
      ],
      "translation": [
        0.001964948515547925,
        0.003997726526977274,
        0.002243098409994204
      ],
      "name": "mixamorigLeftHandIndex3",
      "extras": {
        "transformData": {
          "eulerOrder": "ZYX",
          "translation": [
            0.001964948515547925,
            0.003997726526977274,
            0.002243098409994204
          ],
          "preRotation": [
            1.5902773407317588e-15,
            -1.5902773407317584e-15,
            3.1805546814635168e-15
          ],
          "parentMatrixWorld": {
            "elements": [
              0.95291096068047,
              0.3014181829391817,
              0.03328332929058754,
              0,
              -0.29602238972378275,
              0.9483990222790935,
              -0.11362235397262502,
              0,
              -0.06581372043308749,
              0.09841937580426724,
              0.9929663542482463,
              0,
              5.020638765840246e-11,
              0.007780804290049903,
              1.5477291670507043e-10,
              1
            ]
          }
        }
      },
      "children": [
        12
      ]
    },
    {
      "rotation": [
        -0.05372518997902718,
        -0.025108302164707864,
        0.15137401633758257,
        0.9866960445354751
      ],
      "translation": [
        5.020638765840246e-11,
        0.007780804290049903,
        1.5477291670507043e-10
      ],
      "name": "mixamorigLeftHandIndex2",
      "extras": {
        "transformData": {
          "eulerOrder": "ZYX",
          "translation": [
            5.020638765840246e-11,
            0.007780804290049903,
            1.5477291670507043e-10
          ],
          "preRotation": [
            1.9878466516738153e-15,
            1.5902773753687273e-15,
            3.1805547507374547e-15
          ],
          "parentMatrixWorld": {
            "elements": [
              0.9793118776191593,
              -0.19298528008276586,
              -0.06086812030902149,
              0,
              0.19984792244039537,
              0.8751608117791576,
              0.44062950615122837,
              0,
              -0.03176561497649334,
              -0.4436780763866906,
              0.8956230850439758,
              0,
              -4.4465631177104115e-10,
              0.03801365909924448,
              7.735194706981474e-10,
              1
            ]
          }
        }
      },
      "children": [
        13
      ]
    },
    {
      "rotation": [
        0.22832432020922888,
        0.0075141386070270615,
        -0.10142780147185845,
        0.9682582014561224
      ],
      "translation": [
        -4.4465631177104115e-10,
        0.03801365909924448,
        7.735194706981474e-10
      ],
      "name": "mixamorigLeftHandIndex1",
      "extras": {
        "transformData": {
          "eulerOrder": "ZYX",
          "translation": [
            -4.4465631177104115e-10,
            0.03801365909924448,
            7.735194706981474e-10
          ],
          "preRotation": [
            -3.585027026152995,
            -0.0000012834673467170113,
            -2.6203778860607017
          ],
          "parentMatrixWorld": {
            "elements": [
              0.9596268750939725,
              -0.23712615484029145,
              -0.15128597119801027,
              0,
              0.2660966734149439,
              0.9396441114215757,
              0.2150848692245262,
              0,
              0.09115272232998697,
              -0.24665791546692561,
              0.9648062251176269,
              0,
              -2.9253648115012965e-11,
              0.06489287462808524,
              -2.166994361729735e-11,
              1
            ]
          }
        }
      },
      "children": [
        14
      ]
    },
    {
      "rotation": [
        0.11744843395589566,
        0.06166646416403385,
        -0.12799925644518295,
        0.9828627959076192
      ],
      "translation": [
        -2.9253648115012965e-11,
        0.06489287462808524,
        -2.166994361729735e-11
      ],
      "scale": [
        1,
        0.9999999999999999,
        0.9999999999999999
      ],
      "name": "mixamorigLeftHand",
      "extras": {
        "transformData": {
          "eulerOrder": "ZYX",
          "translation": [
            -2.9253648115012965e-11,
            0.06489287462808524,
            -2.166994361729735e-11
          ],
          "preRotation": [
            13.018715939692479,
            1.909885032310343e-7,
            13.860421722774072
          ],
          "parentMatrixWorld": {
            "elements": [
              0.9121802483280761,
              0.409350628905617,
              0.018954026701009232,
              0,
              -0.4092835021173451,
              0.9077823623009302,
              0.091750724470678,
              0,
              0.020352086088849315,
              -0.09145076905586365,
              0.9956016017104553,
              0,
              2.4073805449109642e-11,
              0.06947760930014185,
              1.0490719404288029e-10,
              1
            ]
          }
        }
      },
      "children": [
        15
      ]
    },
    {
      "rotation": [
        0.04689425422343989,
        0.0003578625429892654,
        0.20954652889122802,
        0.9766734569102562
      ],
      "translation": [
        2.4073805449109642e-11,
        0.06947760930014185,
        1.0490719404288029e-10
      ],
      "scale": [
        1,
        1,
        0.9999999999999999
      ],
      "name": "mixamorigLeftForeArm",
      "extras": {
        "transformData": {
          "eulerOrder": "ZYX",
          "translation": [
            2.4073805449109642e-11,
            0.06947760930014185,
            1.0490719404288029e-10
          ],
          "preRotation": [
            3.4230331446701103,
            -9.083339167811064e-7,
            1.4053765176367925
          ],
          "parentMatrixWorld": {
            "elements": [
              0.944807518751161,
              0.21411852725081357,
              -0.24797581347153022,
              0,
              0.12155530073609258,
              0.4737699187066615,
              0.8722191971467242,
              0,
              0.3042417733347651,
              -0.8542220292735727,
              0.42159413950836827,
              0,
              2.2958392131844363e-11,
              0.12557037312224562,
              8.234635195947249e-12,
              1
            ]
          }
        }
      },
      "children": [
        16
      ]
    },
    {
      "rotation": [
        0.5122117385750085,
        0.1638354818462199,
        0.027462256146144212,
        0.8426404045440851
      ],
      "translation": [
        2.2958392131844363e-11,
        0.12557037312224562,
        8.234635195947249e-12
      ],
      "scale": [
        1,
        1,
        0.9999999999999999
      ],
      "name": "mixamorigLeftArm",
      "extras": {
        "transformData": {
          "eulerOrder": "ZYX",
          "translation": [
            2.2958392131844363e-11,
            0.12557037312224562,
            8.234635195947249e-12
          ],
          "preRotation": [
            1.1101746039652347,
            -7.570609995595676e-7,
            0.6425314141777116
          ],
          "parentMatrixWorld": {
            "elements": [
              -0.05035011087836638,
              0.011628486421389528,
              -0.9986639189040957,
              0,
              0.9824258899838505,
              -0.17937311604389916,
              -0.05162006920999335,
              0,
              -0.17973373447068297,
              -0.9837123762357334,
              -0.0023926571520542783,
              0,
              0.06949973106384277,
              0.030071075153264126,
              -0.000789980028403775,
              1
            ]
          }
        }
      },
      "children": [
        17
      ]
    },
    {
      "rotation": [
        0.5318401221978244,
        0.4672712413541308,
        -0.5539247624385037,
        0.4381449744586198
      ],
      "translation": [
        0.06949973106384277,
        0.030071075153264126,
        -0.000789980028403775
      ],
      "name": "mixamorigLeftShoulder",
      "extras": {
        "transformData": {
          "eulerOrder": "ZYX",
          "translation": [
            0.06949973106384277,
            0.030071075153264126,
            -0.000789980028403775
          ],
          "preRotation": [
            -59.21295161234598,
            89.39893024710702,
            -150.523655941166
          ],
          "parentMatrixWorld": {
            "elements": [
              0.9999917741036987,
              0.0040430710381293925,
              -0.0003245025570571867,
              0,
              -0.0040393470882082155,
              0.9999339950509625,
              0.010755892323022659,
              0,
              0.0003679679739884298,
              -0.010754493067742116,
              0.9999421010644476,
              0,
              0,
              0.028917837541510533,
              -2.8735717971795083e-10,
              1
            ]
          }
        }
      },
      "children": [
        18
      ]
    },
    {
      "rotation": [
        0.005377685103474094,
        0.0001731204900214207,
        0.0020206378811193125,
        0.9999834955410752
      ],
      "translation": [
        0,
        0.028917837541510533,
        -2.8735717971795083e-10
      ],
      "name": "mixamorigSpine2",
      "extras": {
        "transformData": {
          "eulerOrder": "ZYX",
          "translation": [
            0,
            0.028917837541510533,
            -2.8735717971795083e-10
          ],
          "parentMatrixWorld": {
            "elements": [
              0.99999176446261,
              0.004048256757838747,
              -0.00028744421434375675,
              0,
              -0.0040449261207474736,
              0.9999338120559819,
              0.010770797549493314,
              0,
              0.0003310281429751442,
              -0.010769546155576348,
              0.9999419519631906,
              0,
              0,
              0.02530309254606919,
              -2.913169011575789e-11,
              1
            ]
          }
        }
      },
      "children": [
        8,
        11,
        19
      ]
    },
    {
      "rotation": [
        0.0053851751001607415,
        0.00015462064971542621,
        0.0020233292242478077,
        0.9999834408553728
      ],
      "translation": [
        0,
        0.02530309254606919,
        -2.913169011575789e-11
      ],
      "name": "mixamorigSpine1",
      "extras": {
        "transformData": {
          "eulerOrder": "ZYX",
          "translation": [
            0,
            0.02530309254606919,
            -2.913169011575789e-11
          ],
          "preRotation": [
            0.0000016680409639294052,
            0,
            0
          ],
          "parentMatrixWorld": {
            "elements": [
              0.9998501310361448,
              0.017210614119954875,
              -0.001873558342725232,
              0,
              -0.017286380190900934,
              0.986571261423707,
              -0.16241405880621582,
              0,
              -0.0009468469492020053,
              0.16242210502153734,
              0.9867209142377334,
              0,
              0,
              0.02118659019470215,
              -0.004638334736227989,
              1
            ]
          }
        }
      },
      "children": [
        20
      ]
    },
    {
      "rotation": [
        -0.08148305862985314,
        0.00023245958184460772,
        0.008653348743139591,
        0.9966371209239995
      ],
      "translation": [
        0,
        0.02118659019470215,
        -0.004638334736227989
      ],
      "name": "mixamorigSpine",
      "extras": {
        "transformData": {
          "eulerOrder": "ZYX",
          "translation": [
            0,
            0.02118659019470215,
            -0.004638334736227989
          ],
          "preRotation": [
            -12.34881628024091,
            0,
            0
          ],
          "parentMatrixWorld": {
            "elements": [
              0.9999087245720869,
              -0.004020570247939496,
              0.012898741994544915,
              0,
              0.005291618186157929,
              0.9949661180497422,
              -0.10007208909294256,
              0,
              -0.012431464400157187,
              0.10013121018611178,
              0.9948965774135415,
              0,
              -0.0018532844083931498,
              0.18113650309285548,
              0.008960290026471116,
              1
            ]
          }
        }
      },
      "children": [
        21
      ]
    },
    {
      "rotation": [
        -3.695702310153287e-9,
        -4.1633363265390675e-17,
        2.77555752880117e-17,
        1
      ],
      "translation": [
        7.250167827210774e-11,
        0.028430346779642957,
        -4.959275698435128e-11
      ],
      "name": "mixamorigLeftToe_End",
      "extras": {
        "transformData": {
          "eulerOrder": "ZYX",
          "translation": [
            7.250167827210774e-11,
            0.028430346779642957,
            -4.959275698435128e-11
          ],
          "preRotation": [
            -4.2349628941706344e-7,
            -4.770831992329387e-15,
            3.1805546615529243e-15
          ],
          "parentMatrixWorld": {
            "elements": [
              0.9863888177237209,
              -8.727021628268661e-8,
              0.16442962102246833,
              0,
              -0.09614008701696031,
              0.8112576741686196,
              0.5767305001219315,
              0,
              -0.13339484224651071,
              -0.5846887942337481,
              0.8002154897023142,
              0,
              -4.290026528463997e-10,
              0.07259608021605503,
              -1.9914368348805667e-9,
              1
            ]
          }
        }
      }
    },
    {
      "rotation": [
        0.3061517817410129,
        -0.07850695310382494,
        0.025342640992868117,
        0.9484015475518077
      ],
      "translation": [
        -4.290026528463997e-10,
        0.07259608021605503,
        -1.9914368348805667e-9
      ],
      "name": "mixamorigLeftToeBase",
      "extras": {
        "transformData": {
          "eulerOrder": "ZYX",
          "translation": [
            -4.290026528463997e-10,
            0.07259608021605503,
            -1.9914368348805667e-9
          ],
          "preRotation": [
            35.78101168953127,
            -9.464126540142454,
            0.0000015536981204596467
          ],
          "parentMatrixWorld": {
            "elements": [
              0.950545288293306,
              -0.24533038688744674,
              0.19046432602753902,
              0,
              -0.15466450432294426,
              0.15790128258736902,
              0.9752672108324039,
              0,
              -0.26933724087472,
              -0.9564937232893556,
              0.11214841737148096,
              0,
              -2.4077961846558082e-12,
              0.05138443028071371,
              2.943877780436921e-12,
              1
            ]
          }
        }
      },
      "children": [
        23
      ]
    },
    {
      "rotation": [
        0.6481696514675876,
        -0.1542786253200537,
        -0.030421400735361752,
        0.7450830695898291
      ],
      "translation": [
        -2.4077961846558082e-12,
        0.05138443028071371,
        2.943877780436921e-12
      ],
      "name": "mixamorigLeftFoot",
      "extras": {
        "transformData": {
          "eulerOrder": "ZYX",
          "translation": [
            -2.4077961846558082e-12,
            0.05138443028071371,
            2.943877780436921e-12
          ],
          "preRotation": [
            55.75737467818801,
            -14.096629974122482,
            2.139798370278068e-8
          ],
          "parentMatrixWorld": {
            "elements": [
              0.9923608312334785,
              -0.01096223484205906,
              -0.12288128441376094,
              0,
              -0.06700154465714682,
              0.788458858814842,
              -0.611427364023681,
              0,
              0.10358944765498276,
              0.6149898030623419,
              0.7817012018585279,
              0,
              -1.227526413849489e-11,
              0.0859564695450674,
              -4.842887267424156e-12,
              1
            ]
          }
        }
      },
      "children": [
        24
      ]
    },
    {
      "rotation": [
        -0.3248848913692773,
        0.059993386558094136,
        0.014845132284753027,
        0.9437320722403398
      ],
      "translation": [
        -1.227526413849489e-11,
        0.0859564695450674,
        -4.842887267424156e-12
      ],
      "scale": [
        1,
        0.9999999999999999,
        0.9999999999999999
      ],
      "name": "mixamorigLeftLeg",
      "extras": {
        "transformData": {
          "eulerOrder": "ZYX",
          "translation": [
            -1.227526413849489e-11,
            0.0859564695450674,
            -4.842887267424156e-12
          ],
          "preRotation": [
            1.5810202872809458,
            1.8766560232685352e-11,
            0.7777234958521491
          ],
          "parentMatrixWorld": {
            "elements": [
              -0.9768306737312393,
              -0.14003822022715354,
              0.16183678643869995,
              0,
              0.15773990742320051,
              -0.9821756953951555,
              0.10222053966623915,
              0,
              0.14463737475256613,
              0.12538027755252532,
              0.9815089484838091,
              0,
              0.06921038776636124,
              -0.011607185006141663,
              -0.009024800499901175,
              1
            ]
          }
        }
      },
      "children": [
        25
      ]
    },
    {
      "rotation": [
        0.07719467789314752,
        0.05732806871915949,
        0.9925365632572691,
        -0.07500432192470496
      ],
      "translation": [
        0.06921038776636124,
        -0.011607185006141663,
        -0.009024800499901175
      ],
      "name": "mixamorigLeftUpLeg",
      "extras": {
        "transformData": {
          "eulerOrder": "ZYX",
          "translation": [
            0.06921038776636124,
            -0.011607185006141663,
            -0.009024800499901175
          ],
          "preRotation": [
            -0.1362554594529293,
            -0.0020635275946699256,
            179.13234919162633
          ],
          "parentMatrixWorld": {
            "elements": [
              0.9999087245720869,
              -0.004020570247939496,
              0.012898741994544915,
              0,
              0.005291618186157929,
              0.9949661180497422,
              -0.10007208909294256,
              0,
              -0.012431464400157187,
              0.10013121018611178,
              0.9948965774135415,
              0,
              -0.0018532844083931498,
              0.18113650309285548,
              0.008960290026471116,
              1
            ]
          }
        }
      },
      "children": [
        26
      ]
    },
    {
      "rotation": [
        4.9389687503338e-10,
        5.551114911382274e-17,
        -2.7755574591182347e-17,
        1
      ],
      "translation": [
        -8.104312360091015e-11,
        0.029280017326854035,
        3.9559201400751753e-11
      ],
      "name": "mixamorigRightToe_End",
      "extras": {
        "transformData": {
          "eulerOrder": "ZYX",
          "translation": [
            -8.104312360091015e-11,
            0.029280017326854035,
            3.9559201400751753e-11
          ],
          "preRotation": [
            5.659641290822583e-8,
            6.361109121857711e-15,
            -3.1805545609288557e-15
          ],
          "parentMatrixWorld": {
            "elements": [
              0.9870763211552028,
              0.000983577777897926,
              -0.16024783528156172,
              0,
              0.09164628395445613,
              0.8168482605737756,
              0.5695260105940325,
              0,
              0.13145833855260347,
              -0.5768517579764922,
              0.8062014347476506,
              0,
              -4.821538029942118e-10,
              0.07387193441579806,
              -1.8545982111151105e-10,
              1
            ]
          }
        }
      }
    },
    {
      "rotation": [
        0.301673095350653,
        0.07676344291217346,
        -0.023858190515377645,
        0.9500165794019683
      ],
      "translation": [
        -4.821538029942118e-10,
        0.07387193441579806,
        -1.8545982111151105e-10
      ],
      "name": "mixamorigRightToeBase",
      "extras": {
        "transformData": {
          "eulerOrder": "ZYX",
          "translation": [
            -4.821538029942118e-10,
            0.07387193441579806,
            -1.8545982111151105e-10
          ],
          "preRotation": [
            35.04542887055953,
            9.182748057876276,
            -5.40916238619175e-7
          ],
          "parentMatrixWorld": {
            "elements": [
              0.9145804620744095,
              0.3708315265362211,
              -0.16132747656546848,
              0,
              0.10260315673684553,
              0.17309448048318365,
              0.9795462560063911,
              0,
              0.3911715327011925,
              -0.9124265747748254,
              0.12026034520309792,
              0,
              4.175465528888367e-12,
              0.05138740839717142,
              3.3845339725280255e-12,
              1
            ]
          }
        }
      },
      "children": [
        28
      ]
    },
    {
      "rotation": [
        0.6366367952742222,
        0.18591239415762223,
        0.09025713634597651,
        0.7429561269570808
      ],
      "translation": [
        4.175465528888367e-12,
        0.05138740839717142,
        3.3845339725280255e-12
      ],
      "name": "mixamorigRightFoot",
      "extras": {
        "transformData": {
          "eulerOrder": "ZYX",
          "translation": [
            4.175465528888367e-12,
            0.05138740839717142,
            3.3845339725280255e-12
          ],
          "preRotation": [
            56.26923754138343,
            13.76346151729136,
            1.3927171460550158e-8
          ],
          "parentMatrixWorld": {
            "elements": [
              0.9860790476105399,
              -0.16400537968271772,
              -0.027392461245581135,
              0,
              0.1238284758223118,
              0.834255821273283,
              -0.5372929637499085,
              0,
              0.11097125787106413,
              0.5264213671145624,
              0.8429507221943945,
              0,
              1.2274931071587503e-11,
              0.08595646954504438,
              4.842748381125861e-12,
              1
            ]
          }
        }
      },
      "children": [
        29
      ]
    },
    {
      "rotation": [
        -0.27788149638958626,
        0.03614571713339132,
        -0.0751928409334483,
        0.9569855718039222
      ],
      "translation": [
        1.2274931071587503e-11,
        0.08595646954504438,
        4.842748381125861e-12
      ],
      "scale": [
        0.9999999999999999,
        1,
        1
      ],
      "name": "mixamorigRightLeg",
      "extras": {
        "transformData": {
          "eulerOrder": "ZYX",
          "translation": [
